-2.327664539013952483e-01
-2.334398435188455856e-01
-2.351356084689182335e-01
-2.356758511872225625e-01
-2.370941580303544127e-01
-2.328726703749577076e-01
-2.355804908772322070e-01
-2.359360663190891438e-01
-2.378412804354613774e-01
-2.329766508126665803e-01
-2.349728743979259682e-01
-2.331225906127799286e-01
-2.323525326683466286e-01
-2.356669126099324163e-01
-2.351229280351676276e-01
-2.348091938568110659e-01
-2.302392233864364590e-01
-2.341944110415518643e-01
-2.347401095518223124e-01
-2.283966451289524968e-01
-2.330615685916546942e-01
-2.320082331006036169e-01
-2.330557881276850984e-01
-2.339478332020770712e-01
-2.348847857212984780e-01
-2.374328082183848054e-01
-2.300907728297913457e-01
-2.344271926723961452e-01
-2.326782396581086876e-01
-2.363349636417408361e-01
-2.320829583962445708e-01
-2.325268483013445686e-01
-2.348053535139757730e-01
-2.366415952870842554e-01
-2.321147391965025231e-01
-2.321511318494647036e-01
-2.328162617867681750e-01
-2.371029574800369022e-01
-2.344096363212241352e-01
-2.347578146702172242e-01
-2.299792216244863075e-01
-2.372989884084624190e-01
-2.328674911900417144e-01
-2.364196838659891053e-01
-2.354866709329800079e-01
-2.324549260349078605e-01
-2.335701803608712657e-01
-2.355765895084408201e-01
-2.311642002321118439e-01
-2.354112938791317056e-01
-2.404625228317069374e-01
-2.331441509283533331e-01
-2.332941635393772917e-01
-2.365088756048521201e-01
-2.376628517515763372e-01
-2.302306617657667864e-01
-2.350885349755637843e-01
-2.379744224862463120e-01
-2.346055854820090214e-01
-2.396635834844751400e-01
-2.344423465300190246e-01
-2.329547787256905644e-01
-2.335954819256147175e-01
-2.371071409073658709e-01
-2.326286726239326086e-01
-2.345351566470877114e-01
-2.328213408899460490e-01
-2.332744080445040002e-01
-2.367745098222528710e-01
-2.319486924286040808e-01
-2.358773588837176916e-01
-2.322153459374966256e-01
-2.322987448391942988e-01
-2.330951665482844104e-01
-2.365834008799639343e-01
-2.351482201250448822e-01
-2.329226114878809040e-01
-2.342624601920784422e-01
-2.374161065400187676e-01
-2.343361199232264769e-01
-2.331930712490122293e-01
-2.393461659664838648e-01
-2.320100343375888774e-01
-2.348155332705127440e-01
-2.322215071190870950e-01
-2.350299397961024550e-01
-2.325949366569385057e-01
-2.324746907486741343e-01
-2.343406932674835241e-01
-2.393097512441632324e-01
-2.350567474736888762e-01
-2.350990862468941012e-01
-2.331883434988090975e-01
-2.311979001390447874e-01
-2.310839163498861204e-01
-2.374553674588724406e-01
-2.358772144633270729e-01
-2.329226114878809040e-01
-2.327688280803520138e-01
-2.329384485367330948e-01
-2.355864816697427200e-01
-2.346519134485836044e-01
-2.324438240253873522e-01
-2.329036404357677781e-01
-2.321434017700770847e-01
-2.375658056956010400e-01
-2.358202271899522418e-01
-2.349694023318801839e-01
-2.292217738939977267e-01
-2.351550579144959796e-01
-2.324732211092908341e-01
-2.324273055464118609e-01
-2.345662581378590850e-01
-2.320499161609436978e-01
-2.355610058071236912e-01
-2.304888991873199622e-01
-2.345980365625565667e-01
-2.371843136823325870e-01
-2.347284069235713588e-01
-2.310740154586548578e-01
-2.355183451891201263e-01
-2.345964992459980969e-01
-2.371214119973424628e-01
-2.376096272900462825e-01
-2.345027437646933499e-01
-2.346705985379570480e-01
-2.404814751898890213e-01
-2.358328405299226216e-01
-2.398612724363772264e-01
-2.325070625111257672e-01
-2.370614269758371251e-01
-2.347716423423515109e-01
-2.376798497751953509e-01
-2.394612898033262882e-01
-2.347216719790289896e-01
-2.302306617657667864e-01
-2.349516054647297347e-01
-2.324011526191997190e-01
-2.327709735094793120e-01
-2.310403547943917502e-01
-2.344987367838431425e-01
-2.325915064232512430e-01
-2.367860328586729457e-01
-2.350187360951357940e-01
-2.373838126677216276e-01
-2.393713794407383300e-01
-2.355654205093890841e-01
-2.304949156134327160e-01
-2.392813696495160181e-01
-2.327310160834729080e-01
-2.353163595007929099e-01
-2.352529115579843622e-01
-2.334263071793983013e-01
-2.346651054047279306e-01
-2.353619899637432733e-01
-2.332164028891769436e-01
-2.346023909705356736e-01
-2.355692199541104259e-01
-2.354952680989699787e-01
-2.321022280292430739e-01
-2.327911256587987254e-01
-2.348541240077302861e-01
-2.374182479949777380e-01
-2.351429541171249915e-01
-2.344066427760176652e-01
-2.353257902849927585e-01
-2.382365168228203212e-01
-2.332222425435639401e-01
-2.349296185689243310e-01
-2.372963283126867939e-01
-2.325043797996314832e-01
-2.323657696901536007e-01
-2.334559630919141315e-01
-2.325307629476782989e-01
-2.329420289774405961e-01
-2.371454615552750222e-01
-2.340062393048073786e-01
-2.372533881164428926e-01
-2.355765895084408201e-01
-2.324669958975767448e-01
-2.379982123764168012e-01
-2.371907239887202923e-01
-2.344599030664323847e-01
-2.320033603605650141e-01
-2.326352980480271282e-01
-2.366485249584241168e-01
-2.329226114878809040e-01
-2.350833528186699328e-01
-2.336431116336486757e-01
-2.309866022443120004e-01
-2.355237075588803575e-01
-2.309910799560971617e-01
-2.320474254656857416e-01
-2.323360131461612299e-01
-2.328395471298316810e-01
-2.346212085761610611e-01
-2.334908817173553808e-01
-2.294561576172089168e-01
-2.346866125241246215e-01
-2.334316877270495583e-01
-2.353611160870460184e-01
-2.352729333686438828e-01
-2.336814580757816673e-01
-2.334263541215020610e-01
-2.315060856000354939e-01
-2.351984230613874682e-01
-2.352555768682040305e-01
-2.302940037938845386e-01
-2.374826862873776478e-01
-2.333307134339799582e-01
-2.355333940288494021e-01
-2.342346241886044123e-01
-2.328789723593016892e-01
-2.331172462497184683e-01
-2.336452160692761293e-01
-2.334616637972044828e-01
-2.319698870821449155e-01
-2.310969449647031493e-01
-2.371061740583063349e-01
-2.321570133786999279e-01
-2.360303352722940284e-01
-2.333901579336722376e-01
-2.346868531662093804e-01
-2.353496347905069397e-01
-2.326597307550544724e-01
-2.350136010527982267e-01
-2.353347294909669818e-01
-2.352417387171519270e-01
-2.356068847617245610e-01
-2.326585115462987685e-01
-2.356583508622399903e-01
-2.354754998389954335e-01
-2.326746872306709457e-01
-2.330819398986699875e-01
-2.347008802966962793e-01
-2.374965720042712669e-01
-2.327417060662499704e-01
-2.320783339206795304e-01
-2.327580691598045426e-01
-2.333272528561781134e-01
-2.347869569118360145e-01
-2.353686020180421890e-01
-2.331603062484223221e-01
-2.352185471995922039e-01
-2.355054719545504049e-01
-2.308245139092148512e-01
-2.354805106276875726e-01
-2.348442376149777744e-01
-2.373633052107355368e-01
-2.355936940463532747e-01
-2.347792986926432734e-01
-2.349650651213227026e-01
-2.326563776313345377e-01
-2.329714825191471772e-01
-2.350721868566885142e-01
-2.351701516251050728e-01
-2.345838642980569988e-01
-2.319746884473199988e-01
-2.351519725508148251e-01
-2.346946116579789743e-01
-2.355879135187440854e-01
-2.299472160472726123e-01
-2.330737422606127263e-01
-2.336272595497585203e-01
-2.350821516390213806e-01
-2.299357350051891846e-01
-2.373627225187556200e-01
-2.373797108728561145e-01
-2.354204608873075588e-01
-2.325953217602413359e-01
-2.376329649014309597e-01
-2.347838775451496218e-01
-2.304447896297639464e-01
-2.352378549352868164e-01
-2.370812497947443198e-01
-2.356269469219851864e-01
-2.345198561709007645e-01
-2.340274337615224076e-01
-2.353147331829578137e-01
-2.341398565228975104e-01
-2.382782510509636742e-01
-2.326560072288097469e-01
-2.377948457311535591e-01
-2.353646882917318772e-01
-2.352858038653519168e-01
-2.373244704270256189e-01
-2.350045830341078723e-01
-2.349429198504906502e-01
-2.324821381664790576e-01
-2.348528137343289801e-01
-2.336332936830960161e-01
-2.327589331934467043e-01
-2.358109544575366090e-01
-2.345094893455457463e-01
-2.325856438717595620e-01
-2.358927949722720296e-01
-2.359061027604528182e-01
-2.348540080744582481e-01
-2.332247873664773652e-01
-2.352582920636723252e-01
-2.374985345615256982e-01
-2.352930739032225715e-01
-2.372156807896327879e-01
-2.353108849854528006e-01
-2.329167489363891952e-01
-2.350821516390213806e-01
-2.349869591018145243e-01
-2.346200163953924278e-01
-2.359183924592319348e-01
-2.348912531874940424e-01
-2.370028577951553139e-01
-2.349019773351965212e-01
-2.351579773436955068e-01
-2.307880267280343345e-01
-2.310968871026656823e-01
-2.326857984696321935e-01
-2.323033110467921381e-01
-2.351569771002140763e-01
-2.400808655319598695e-01
-2.355765895084408201e-01
-2.331790443749650610e-01
-2.311959413622976522e-01
-2.351712692459681231e-01
-2.330329948815436647e-01
-2.330572687949851174e-01
-2.374326279303285991e-01
-2.299323819559325743e-01
-2.325363861254121367e-01
-2.401824287553835924e-01
-2.357197267107365435e-01
-2.348203335310214968e-01
-2.319226216950910635e-01
-2.375428257166145307e-01
-2.354121524040659053e-01
-2.327364783671849735e-01
-2.329393678889793984e-01
-2.397121297956713026e-01
-2.361761078149384740e-01
-2.340996000901320595e-01
-2.351837710698798378e-01
-2.359951627187817647e-01
-2.351861513157703365e-01
-2.352103845062370746e-01
-2.360573687346569915e-01
-2.327360053609595913e-01
-2.352681966790771684e-01
-2.325084420652020201e-01
-2.369325898336863412e-01
-2.355435620373789729e-01
-2.326061054602946987e-01
-2.351976094712088794e-01
-2.321246107126729852e-01
-2.328137262625926129e-01
-2.324064862247472163e-01
-2.385374888298228968e-01
-2.378927242658875896e-01
-2.306437299802593099e-01
-2.330438269882716684e-01
-2.349244812729075482e-01
-2.368215235657601392e-01
-2.345606396673572125e-01
-2.336696484529217632e-01
-2.350831097800608893e-01
-2.330638875468509508e-01
-2.321013929665697861e-01
-2.355879135187440854e-01
-2.331248006946785023e-01
-2.381516651215952463e-01
-2.378271149754453695e-01
-2.329226114878809040e-01
-2.295106266817963925e-01
-2.322762387439303855e-01
-2.346331825303224206e-01
-2.370705939483205293e-01
-2.357964355815336255e-01
-2.375637633298632867e-01
-2.347131574529642828e-01
-2.376384333190953158e-01
-2.356547721228281211e-01
-2.334318285605550269e-01
-2.350403539244252382e-01
-2.389255806814881977e-01
-2.376578176846671497e-01
-2.344442009115154657e-01
-2.354756401341729366e-01
-2.350768769959958870e-01
-2.319096061819172772e-01
-2.324577975244702943e-01
-2.307982330602303400e-01
-2.377081884972075676e-01
-2.330981851469909882e-01
-2.350771394652432789e-01
-2.397687132994471004e-01
-2.343925566411008410e-01
-2.328979397304774268e-01
-2.374314440296319828e-01
-2.349375145964428535e-01
-2.353368126529440940e-01
-2.394006872689329879e-01
-2.370641811859791614e-01
-2.350606754205691873e-01
-2.355618137098822729e-01
-2.394277405590111152e-01
-2.360059026341415067e-01
-2.353079792027625572e-01
-2.323723450042408378e-01
-2.354576693513926455e-01
-2.355548416781444443e-01
-2.350558376621688650e-01
-2.345439929634827170e-01
-2.328395471298316810e-01
-2.392518665029747527e-01
-2.349276043106277301e-01
-2.344471443494892948e-01
-2.305066163637550791e-01
-2.329226114878809040e-01
-2.347330295197197769e-01
-2.331112964181306091e-01
-2.353147331829578137e-01
-2.358926236508687990e-01
-2.324507648155284545e-01
-2.329332927210354398e-01
-2.309182123130206765e-01
-2.328979397304774268e-01
-2.328166656802683754e-01
-2.376043612184354226e-01
-2.373914440740258203e-01
-2.355572503150246688e-01
-2.373418827080109594e-01
-2.346925315611476381e-01
-2.375354189023674845e-01
-2.327024438880382629e-01
